 <pre>

 Contingency table for Cloud cover (octas)
 Selection: ALL    594 stations
Period: 20210201-20210214
Used {00,06,12,18} + 01 02 ... 36
 Limits   0.500000000       1.50000000       2.50000000       3.50000000       4.50000000       5.50000000       6.50000000       7.50000000    
 Each class is data <= limit, the very last > last limit
 Total number of values      837079
                                                       OBSERVATION
                                 115880    11773     6142     5232     3301     4384     4018    11669    28117 |    190516
                                  18349     3742     2355     2145     1484     2207     2123     6795    15630 |     54830
                                   9951     2280     1506     1475      980     1557     1542     4781    10918 |     34990
                                   7389     1750     1216     1185      889     1320     1326     4192     9474 |     28741
                          i800     6502     1581     1105     1153      801     1260     1348     4128     9400 |     27278
                                   5968     1549     1105     1068      811     1353     1477     4624    10288 |     28243
                                   6398     1639     1205     1350      936     1522     1756     5689    12819 |     33314
                                   8469     2232     1736     1945     1348     2420     2754     9607    21641 |     52152
                                  23027     7198     5316     6859     5052    10048    12694    70918   245903 |    387015

                    SUM          201933    33744    21686    22412    15602    26071    29038   122403   364190 |    837079
                                                       OBSERVATION
                                 120038    12479     6573     5511     3542     4759     4373    12715    31068 |    201058
                                  17293     3743     2339     2249     1539     2343     2130     7167    16619 |     55422
                                   9642     2194     1474     1493      952     1564     1659     4939    11492 |     35409
                                   7103     1702     1215     1208      827     1268     1343     4367     9804 |     28837
                          i805     6173     1519     1123     1108      796     1236     1361     4209     9605 |     27130
                                   5686     1468     1077     1121      793     1339     1454     4585    10248 |     27771
                                   6133     1668     1143     1300      932     1508     1724     5731    12775 |     32914
                                   8012     2197     1651     1939     1349     2341     2677     9412    21395 |     50973
                                  21853     6774     5091     6483     4872     9713    12317    69278   241184 |    377565

                    SUM          201933    33744    21686    22412    15602    26071    29038   122403   364190 |    837079
                                                       OBSERVATION
                                 120721    12622     6669     5569     3533     4878     4368    12959    31321 |    202640
                                  17627     3851     2396     2283     1578     2293     2307     7262    17487 |     57084
                                   9595     2174     1535     1534      977     1581     1615     4916    11366 |     35293
                                   7090     1767     1193     1202      847     1307     1384     4220     9772 |     28782
                      i805_ref     6018     1541     1143     1140      782     1244     1395     4179     9583 |     27025
                                   5678     1481     1030     1124      843     1350     1410     4578    10250 |     27744
                                   6002     1544     1179     1238      912     1502     1640     5660    12744 |     32421
                                   7890     2064     1557     1850     1296     2307     2645     9288    21490 |     50387
                                  21312     6700     4984     6472     4834     9609    12274    69341   240177 |    375703

                    SUM          201933    33744    21686    22412    15602    26071    29038   122403   364190 |    837079

