 <pre>

 Contingency table for Visibility (m)
 Selection: ALL    696 stations
Period: 20210201-20210214
Used {00,06,12,18} + 00 01 ... 36
 Limits    1000.00000       5000.00000       10000.0000       20000.0000    
 Each class is data <= limit, the very last > last limit
 Total number of values     1083855
                                     OBSERVATION
                                   2706     3502      925      587      672 |      8392
                                  10379    58663    24854    20497    23393 |    137786
                          i800     2710    24356    23846    29428    36605 |    116945
                                   1346    12063    17749    32528    79109 |    142795
                                   6844    44233    64811   137141   424908 |    677937

                    SUM           23985   142817   132185   220181   564687 |   1083855
                                     OBSERVATION
                                   2712     3430      885      528      581 |      8136
                                  10317    57763    24103    19477    21577 |    133237
                          i805     2729    23761    23127    28203    34595 |    112415
                                   1420    12384    18140    33322    82222 |    147488
                                   6807    45479    65930   138651   425712 |    682579

                    SUM           23985   142817   132185   220181   564687 |   1083855
                                     OBSERVATION
                                   2709     3408      942      557      600 |      8216
                                  10473    58496    24523    19911    22078 |    135481
                      i805_ref     2660    24227    23558    29343    34547 |    114335
                                   1267    11571    18102    33633    82212 |    146785
                                   6876    45115    65060   136737   425250 |    679038

                    SUM           23985   142817   132185   220181   564687 |   1083855

